005930
000660
005380
207940
035420
005490
000270
051910
006400
028260
017670
030200
015760
086790
105560
055550
032830
010950
012330
003550
066570
009150
011070
034730
096770
035720
041510
018260
009830
011200
000810
086280
009540
010130
180640
006360
011780
047050
033780
097950
001040
069960
000100
128940
068270
326030
247540
373220
003670
029780
011790
042660
251270
241560
271560
079550
036460
024110
003490
138040
015230
005830
032640
010140
004020
078930
010060
021240
083420
161390
000150
002790
000080
001680
004170
034020
006120
003410
003240
009420
016360
023530
007070
029530
006280
004140
051600
139480
112610
000720
002380
008770
017800
005180
042670
010620
011040
185750
006800
